140628452161280
140628460553984
140628443768576
140628468946688
140628435375872
140628426983168
140628477339392
140628418590464
140628410197760
140628401805056
140628485732096
140628494124800
140628385019648
140628393412352
140628502517504
140628302231296
140628293838592
140628285445888
140628277053184
140628268660480
140628260267776
140628251875072
140628243482368
140628235089664
140628226696960
140628218304256
140628209911552
140628201518848
140628193126144
140628184733440
140628176340736
140628167948032
140628159555328
140628151162624
140628142769920
140628134377216
140628125984512
140628117591808
140628109199104
140628100806400
140628092413696
140628084020992
140628075628288
140628067235584
140628058842880
140628050450176
140628042057472
140628033664768
140628025272064
140628016879360
140628008486656
140628000093952
140627991701248
140627983308544
140627974915840
140627966523136
140627958130432
140627949737728
140627941345024
140627932952320
140627924559616
140627916166912
140627907774208
140627899381504
140627890988800
140627882596096
140627874203392
140627865810688
140627857417984
140627849025280
140627840632576
140627832239872
140627823847168
140627815454464
140627807061760
140627798669056
140627790276352
140627781883648
140627773490944
140627714742016
140627706349312
140627723134720
140627697956608
140627731527424
140627689563904
140627681171200
140627739920128
140627672778496
140627664385792
140627655993088
140627647600384
140627639207680
140627748312832
140627630814976
140627622422272
140627614029568
140627605636864
140627513317120
140627580458752
140627555280640
140627546887936
140627563673344
140627597244160
140627588851456
140627572066048
140627538495232
140627530102528
140627521709824
140627504924416
140627496531712
140627488139008
140627756705536
140627479746304
140627471353600
140627462960896
140627454568192
140627446175488
140627437782784
140627429390080
140627420997376
140627765098240
140627303499520
140627295106816
140627286714112
140627370641152
140627362248448
140627328677632
140627353855744
140627345463040
140627337070336
140627320284928
140627311892224
140627278321408
140627269928704
140627261536000
140627379033856
140627253143296
140627387426560
140627244750592
140627236357888
140627395819264
140627227965184
140627219572480
140627211179776
140627202787072
140627404211968
140627194394368
140627186001664
140627177608960
140627412604672

140628452161280
140628460553984
140628443768576
140628468946688
140628435375872
140628426983168
140628477339392
140628418590464
140628410197760
140628401805056
140628485732096
140628494124800
140628385019648
140628393412352
140628502517504
140628302231296
140628293838592
140628285445888
140628277053184
140628268660480
140628260267776
140628251875072
140628243482368
140628235089664
140628226696960
140628218304256
140628209911552
140628201518848
140628193126144
140628184733440
140628176340736
140628167948032
140628159555328
140628151162624
140628142769920
140628134377216
140628125984512
140628117591808
140628109199104
140628100806400
140628092413696
140628084020992
140628075628288
140628067235584
140628058842880
140628050450176
140628042057472
140628033664768
140628025272064
140628016879360
140628008486656
140628000093952
140627991701248
140627983308544
140627974915840
140627966523136
140627958130432
140627949737728
140627941345024
140627932952320
140627924559616
140627916166912
140627907774208
140627899381504
140627890988800
140627882596096
140627874203392
140627865810688
140627857417984
140627849025280
140627840632576
140627832239872
140627823847168
140627815454464
140627807061760
140627798669056
140627790276352
140627781883648
140627773490944
140627714742016
140627706349312
140627723134720
140627697956608
140627731527424
140627689563904
140627681171200
140627739920128
140627672778496
140627664385792
140627655993088
140627647600384
140627639207680
140627748312832
140627630814976
140627622422272
140627614029568
140627605636864
140627513317120
140627580458752
140627555280640
140627546887936
140627563673344
140627597244160
140627588851456
140627572066048
140627538495232
140627530102528
140627521709824
140627504924416
140627496531712
140627488139008
140627756705536
140627479746304
140627471353600
140627462960896
140627454568192
140627446175488
140627437782784
140627429390080
140627420997376
140627765098240
140627303499520
140627295106816
140627286714112
140627370641152
140627362248448
140627328677632
140627353855744
140627345463040
140627337070336
140627320284928
140627311892224
140627278321408
140627269928704
140627261536000
140627379033856
140627253143296
140627387426560
140627244750592
140627236357888
140627395819264
140627227965184
140627219572480
140627211179776
140627202787072
140627404211968
140627194394368
140627186001664
140627177608960
140627412604672
